fx: 525.0
fy: 525.0
cx: 319.5
cy: 239.5
#fx: 520.9
#fy: 521.0
#cx: 325.1
#cy: 249.7
w: 640
h: 480